_viz_config[ACC].pos=(0.38882683618237734, 0.40148884095695914)
_viz_config[ACC].size=(0.03759398496240601, 0.024271844660194174)
_viz_config[DA].pos=(0.6403288871875495, 0.24452014217427043)
_viz_config[DA].size=(0.024264993212964124, 0.022910184181239822)
_viz_config[DLPFC].pos=(0.3835281133914301, 0.010740178896056038)
_viz_config[DLPFC].size=(0.03759398496240601, 0.024271844660194174)
_viz_config[OFC].pos=(0.24478046532544878, 0.2997020161190975)
_viz_config[OFC].size=(0.03759398496240601, 0.024271844660194174)
_viz_config[Ser].pos=(0.6411988172544142, 0.07570765119503194)
_viz_config[Ser].size=(0.024863868101935048, 0.02347562155381296)
_viz_config[VS].pos=(0.9876220079266284, 0.2608460369366191)
_viz_config[VS].size=(0.03604999384552848, 0.03403718235092509)
_viz_0 = nengo_gui.components.Value(DA)
_viz_config[_viz_0].label_visible = True
_viz_config[_viz_0].width = 0.161511
_viz_config[_viz_0].x = 0.611744
_viz_config[_viz_0].y = 0.566209
_viz_config[_viz_0].max_value = 5
_viz_config[_viz_0].min_value = -5
_viz_config[_viz_0].height = 0.152501
_viz_1 = nengo_gui.components.Value(VS)
_viz_config[_viz_1].label_visible = True
_viz_config[_viz_1].width = 0.148818
_viz_config[_viz_1].x = 0.963953
_viz_config[_viz_1].y = 0.519811
_viz_config[_viz_1].max_value = 5
_viz_config[_viz_1].min_value = -5
_viz_config[_viz_1].height = 0.140516
_viz_2 = nengo_gui.components.Value(Ser)
_viz_config[_viz_2].label_visible = True
_viz_config[_viz_2].width = 0.161511
_viz_config[_viz_2].x = 0.829188
_viz_config[_viz_2].y = -0.179862
_viz_config[_viz_2].max_value = 1
_viz_config[_viz_2].min_value = -1
_viz_config[_viz_2].height = 0.152501
_viz_3 = nengo_gui.components.Slider(stim_1)
_viz_config[_viz_3].label_visible = True
_viz_config[_viz_3].width = 0.074409
_viz_config[_viz_3].x = -0.104948
_viz_config[_viz_3].y = 0.0570297
_viz_config[_viz_3].max_value = 1
_viz_config[_viz_3].min_value = -1
_viz_config[_viz_3].height = 0.140516
_viz_5 = nengo_gui.components.Slider(stim_2)
_viz_config[_viz_5].label_visible = True
_viz_config[_viz_5].width = 0.074409
_viz_config[_viz_5].x = -0.107075
_viz_config[_viz_5].y = 0.388006
_viz_config[_viz_5].max_value = 4
_viz_config[_viz_5].min_value = -4
_viz_config[_viz_5].height = 0.140516
_viz_ace_editor = nengo_gui.components.AceEditor()
_viz_net_graph = nengo_gui.components.NetGraph()
_viz_sim_control = nengo_gui.components.SimControl()
_viz_config[_viz_sim_control].kept_time = 4
_viz_config[_viz_sim_control].shown_time = 0.5
_viz_config[amygdala].pos=(0.2521843356134114, 0.07940786142692319)
_viz_config[amygdala].size=(0.029359069358657626, 0.02771983822510518)
_viz_config[model].pos=(0.2614751176694192, 0.5341029444891038)
_viz_config[model].size=(0.6774118331272957, 0.6774118331272957)
_viz_config[model].expanded=True
_viz_config[model].has_layout=True
_viz_config[output].pos=(0.3421052631578947, 0.6796116504854368)
_viz_config[output].size=(0.03759398496240601, 0.024271844660194174)
_viz_config[stim_1].pos=(0.04951156664038619, 0.07342229755819929)
_viz_config[stim_1].size=(0.03007518796992481, 0.017309842092982045)
_viz_config[stim_2].pos=(0.05631308030717997, 0.38260227243591305)
_viz_config[stim_2].size=(0.03007518796992481, 0.019417475728155338)