_viz_config[ACC].pos=(0.33619720820498106, 0.7924031127868741)
_viz_config[ACC].size=(0.0326797385620915, 0.02777777777777778)
_viz_config[DA].pos=(0.573457474902554, 0.46704428719820446)
_viz_config[DA].size=(0.0326797385620915, 0.02777777777777778)
_viz_config[DA_Epl].pos=(0.424113187211, 0.48511484984697195)
_viz_config[DA_Epl].size=(0.0326797385620915, 0.02777777777777778)
_viz_config[DLPFC].pos=(0.33181676203480664, 0.1583289732388039)
_viz_config[DLPFC].size=(0.0326797385620915, 0.02777777777777778)
_viz_config[OFC].pos=(0.19508595964336292, 0.5842973651782497)
_viz_config[OFC].size=(0.0326797385620915, 0.02777777777777778)
_viz_config[P_DA].pos=(0.5611860249581678, 0.5376286234067349)
_viz_config[P_DA].size=(0.33333333333333337, 0.027777777777777783)
_viz_config[P_Ser].pos=(0.5938620036841115, 0.37888596204282304)
_viz_config[P_Ser].size=(0.020173279274061887, 0.023985790449300378)
_viz_config[Ser].pos=(0.5563976393261956, 0.27999529409064006)
_viz_config[Ser].size=(0.0326797385620915, 0.02777777777777778)
_viz_config[Ser_Eneg].pos=(0.4743685335010744, 0.3567400673748484)
_viz_config[Ser_Eneg].size=(0.0326797385620915, 0.02777777777777778)
_viz_config[VS].pos=(0.7754185726348751, 0.46833902755132717)
_viz_config[VS].size=(0.0326797385620915, 0.02777777777777778)
_viz_0 = nengo_gui.components.Slider(stim_1)
_viz_config[_viz_0].label_visible = True
_viz_config[_viz_0].width = 0.0319693
_viz_config[_viz_0].x = 0.0411338
_viz_config[_viz_0].y = 0.209331
_viz_config[_viz_0].max_value = 1
_viz_config[_viz_0].min_value = -1
_viz_config[_viz_0].height = 0.103306
_viz_2 = nengo_gui.components.Slider(stim_2)
_viz_config[_viz_2].label_visible = True
_viz_config[_viz_2].width = 0.0434405
_viz_config[_viz_2].x = 0.000713483585776005
_viz_config[_viz_2].y = 0.6065906048256121
_viz_config[_viz_2].max_value = 4
_viz_config[_viz_2].min_value = -4
_viz_config[_viz_2].height = 0.103306
_viz_ace_editor = nengo_gui.components.AceEditor()
_viz_net_graph = nengo_gui.components.NetGraph()
_viz_sim_control = nengo_gui.components.SimControl()
_viz_config[_viz_sim_control].kept_time = 4
_viz_config[_viz_sim_control].shown_time = 0.5
_viz_config[amygdala].pos=(0.19289767027100915, 0.2524283770174145)
_viz_config[amygdala].size=(0.021448571784767223, 0.032716485072617284)
_viz_config[model].pos=(0.07632655085064659, -0.010710786757052526)
_viz_config[model].size=(1.0852894225755012, 1.0852894225755012)
_viz_config[model].expanded=True
_viz_config[model].has_layout=True
_viz_config[output].pos=(0.16140298062413436, 0.8100503375313914)
_viz_config[output].size=(0.0326797385620915, 0.02777777777777778)
_viz_config[stim_1].pos=(0.042483660130718956, 0.22222222222222227)
_viz_config[stim_1].size=(0.0261437908496732, 0.022222222222222227)
_viz_config[stim_2].pos=(0.04360999961588383, 0.5849436979985705)
_viz_config[stim_2].size=(0.02510849511910985, 0.022222222222222227)