_viz_config[ACC].pos=(0.35824502685541426, 0.8028995995265124)
_viz_config[ACC].size=(0.03212525410367191, 0.047054832774258024)
_viz_config[DA].pos=(0.6839107270945395, 0.35271052191830826)
_viz_config[DA].size=(0.022883784507320176, 0.02479736578500993)
_viz_config[DA_Epl].pos=(0.5857011995217895, 0.45806707693058707)
_viz_config[DA_Epl].size=(0.017818665173974693, 0.02794794786623417)
_viz_config[DLPFC].pos=(0.3257355557226713, -0.01732892809261879)
_viz_config[DLPFC].size=(0.01908209393108021, 0.035878558514925094)
_viz_config[OFC].pos=(0.14187258489300617, 0.6150079743632275)
_viz_config[OFC].size=(0.028901734104046242, 0.02610966057441253)
_viz_config[P_DA].pos=(0.7274223748701861, 0.5768140192396679)
_viz_config[P_DA].size=(0.021953416338735897, 0.029050489468437257)
_viz_config[Ser].pos=(0.6478777480395782, 0.13795009205840816)
_viz_config[Ser].size=(0.028901734104046242, 0.02610966057441253)
_viz_config[Ser_Eneg].pos=(0.5623782444946829, 0.2942304786153395)
_viz_config[Ser_Eneg].size=(0.019070877941775102, 0.02911154808549975)
_viz_config[VS].pos=(0.8969759120851465, 0.33621728043169485)
_viz_config[VS].size=(0.028901734104046242, 0.02610966057441253)
_viz_0 = nengo_gui.components.Slider(stim_1)
_viz_config[_viz_0].label_visible = True
_viz_config[_viz_0].width = 0.0476644
_viz_config[_viz_0].x = -0.0407535
_viz_config[_viz_0].y = 0.12957
_viz_config[_viz_0].max_value = 2
_viz_config[_viz_0].min_value = -2
_viz_config[_viz_0].height = 0.103306
_viz_2 = nengo_gui.components.Slider(stim_2)
_viz_config[_viz_2].label_visible = True
_viz_config[_viz_2].width = 0.0476644
_viz_config[_viz_2].x = -0.0439127
_viz_config[_viz_2].y = 0.577942
_viz_config[_viz_2].max_value = 10
_viz_config[_viz_2].min_value = -10
_viz_config[_viz_2].height = 0.103306
_viz_ace_editor = nengo_gui.components.AceEditor()
_viz_net_graph = nengo_gui.components.NetGraph()
_viz_sim_control = nengo_gui.components.SimControl()
_viz_config[_viz_sim_control].kept_time = 4
_viz_config[_viz_sim_control].shown_time = 0.5
_viz_config[amygdala].pos=(0.13986774911821362, 0.15611678394275944)
_viz_config[amygdala].size=(0.028901734104046242, 0.02610966057441253)
_viz_config[model].pos=(0.18228250441515695, 0.2020014299153904)
_viz_config[model].size=(0.83498004068629, 0.83498004068629)
_viz_config[model].expanded=True
_viz_config[model].has_layout=True
_viz_config[output].pos=(0.14887153588276103, 0.7654760615214886)
_viz_config[output].size=(0.04619461749016538, 0.0457564942655995)
_viz_config[stim_1].pos=(0.03562397314909272, 0.15913158079314624)
_viz_config[stim_1].size=(0.023593798469933893, 0.019405807890472526)
_viz_config[stim_2].pos=(0.034703921322571954, 0.6091889333536613)
_viz_config[stim_2].size=(0.023121387283236993, 0.022223210515032715)