_viz_config[ACC].pos=(0.43698805587823547, 0.6886702370573338)
_viz_config[ACC].size=(0.03759398496240601, 0.03571428571428571)
_viz_config[DA].pos=(0.7264135571125956, 0.3621351766513059)
_viz_config[DA].size=(0.03759398496240601, 0.03571428571428571)
_viz_config[DA_Epl].pos=(0.5866597040308038, 0.3759811895883716)
_viz_config[DA_Epl].size=(0.03759398496240601, 0.03571428571428571)
_viz_config[DLPFC].pos=(0.43351800554016634, 0.058413251961639094)
_viz_config[DLPFC].size=(0.03759398496240601, 0.03571428571428571)
_viz_config[OFC].pos=(0.23993983260358034, 0.45705152156765055)
_viz_config[OFC].size=(0.03759398496240601, 0.03571428571428571)
_viz_config[P_DA].pos=(0.684599277380038, 0.4386602454598743)
_viz_config[P_DA].size=(0.03759398496240601, 0.03571428571428571)
_viz_config[P_Ser].pos=(0.7321999433283611, 0.24811769269103226)
_viz_config[P_Ser].size=(0.03759398496240601, 0.03571428571428571)
_viz_config[Ser].pos=(0.7277985986638422, 0.14208909370199702)
_viz_config[Ser].size=(0.03759398496240601, 0.03571428571428571)
_viz_config[Ser_Eneg].pos=(0.6018080004765738, 0.21688047494499108)
_viz_config[Ser_Eneg].size=(0.03759398496240601, 0.03571428571428571)
_viz_config[VS].pos=(0.8896721132861634, 0.35400838626645065)
_viz_config[VS].size=(0.03759398496240601, 0.03571428571428571)
_viz_0 = nengo_gui.components.Value(VS)
_viz_config[_viz_0].label_visible = True
_viz_config[_viz_0].width = 0.11919
_viz_config[_viz_0].x = 0.910643
_viz_config[_viz_0].y = 0.381035
_viz_config[_viz_0].max_value = 3
_viz_config[_viz_0].min_value = -3
_viz_config[_viz_0].height = 0.15361
_viz_1 = nengo_gui.components.Slider(stim_2)
_viz_config[_viz_1].label_visible = True
_viz_config[_viz_1].width = 0.0595948
_viz_config[_viz_1].x = 0.0847042
_viz_config[_viz_1].y = 0.526413
_viz_config[_viz_1].max_value = 2.5
_viz_config[_viz_1].min_value = -2.5
_viz_config[_viz_1].height = 0.15361
_viz_2 = nengo_gui.components.Value(ACC)
_viz_config[_viz_2].label_visible = True
_viz_config[_viz_2].width = 0.11919
_viz_config[_viz_2].x = 0.461357
_viz_config[_viz_2].y = 0.715697
_viz_config[_viz_2].max_value = 10
_viz_config[_viz_2].min_value = -10
_viz_config[_viz_2].height = 0.15361
_viz_3 = nengo_gui.components.Value(amygdala)
_viz_config[_viz_3].label_visible = True
_viz_config[_viz_3].width = 0.0985165
_viz_config[_viz_3].x = 0.21661
_viz_config[_viz_3].y = 0.0461925
_viz_config[_viz_3].max_value = 3
_viz_config[_viz_3].min_value = -3
_viz_config[_viz_3].height = 0.133934
_viz_ace_editor = nengo_gui.components.AceEditor()
_viz_net_graph = nengo_gui.components.NetGraph()
_viz_sim_control = nengo_gui.components.SimControl()
_viz_config[_viz_sim_control].kept_time = 4
_viz_config[_viz_sim_control].shown_time = 0.5
_viz_config[amygdala].pos=(0.24649271736216605, 0.11761115954664368)
_viz_config[amygdala].size=(0.03759398496240601, 0.03571428571428571)
_viz_config[model].pos=(0.12165469308630794, 0.15251850875966289)
_viz_config[model].size=(0.7713210535693216, 0.7713210535693216)
_viz_config[model].expanded=True
_viz_config[model].has_layout=True
_viz_config[output].pos=(0.190440032839079, 0.7463106440931835)
_viz_config[output].size=(0.03759398496240601, 0.03571428571428571)
_viz_config[stim_1].pos=(0.054657016054567645, 0.0876572424959525)
_viz_config[stim_1].size=(0.043010752688172046, 0.02238967077676759)
_viz_config[stim_2].pos=(0.06435230691329343, 0.49541661477145327)
_viz_config[stim_2].size=(0.03007518796992481, 0.02857142857142857)